88
89
91
92
105
106
112
113
119
120
123
124
133
135
139
141
142
145
146
147
149
150
152
153
154
156
157
160
166
167
168
170
173
177
179
181
182
183
191
192
194
195
196
197
198
200
205
206
208
209
210
212
213
219
222
225
226
232
234
235
237
238
243
244
246
249
250
255
259
261
264
267
268
270
271
273
274
275
276
277
279
280
281
282
284
292
294
296
298
299
300
301
302
305
306
308
309
311
312
314
315
318
322
323
324
326
327
328
329
331
332
333
335
337
340
341
343
345
346
350
351
353
356
361
364
370
375
378
381
387
388
393
394
396
399
400
401
404
405
406
407
408
409
410
411
412
413
415
416
417
418
419
422
425
426
428
429
432
433
434
448
